%% SH suggested flyID2rm
flyRmCalib = [
90
96
103
120
125
300
301
302
303
304
305
306
307
308
309
310
311
312
313
314
315
316
317
318
319
320
321
322
323
324
325
326
327
328
329
330
331
332
333
334
335
336
337
338
339
340
341
342
343
344
345
346
347
348
349
350
351
352
353
355
356
357
358
453
454
455
456
457
];

%% 
flyEnriched = [
    490
    491
    492
    505
    525
    531
    544
    549
    550
    559
    560
    564
    565
    566
    568
    574
    587
    594
    599
    607
    618
    621
    638
    641
    730
    915
];

%%
flyNonTrainingFliesWithBodyAxis = [
138
139
140
147
150
152
157
163
168
177
179
304
305
306
308
309
311
313
314
317
321
324
326
327
328
330
331
332
334
335
336
337
339
343
344
346
348
350
352
355
356
360
363
364
365
373
380
381
383
384
394
400
420
423
427
430
442
443
444
462
463
464
465
466
467
468
469
470
471
472
473
474
475
476
477
478
479
480
481
482
483
484
485
486
487
488
489
490
491
492
493
494
495
496
497
498
499
500
501
502
503
504
505
506
507
508
509
510
511
512
513
514
515
516
517
518
519
520
521
522
523
524
525
526
527
528
529
530
531
532
533
534
535
536
541
542
543
544
545
546
547
548
549
550
551
552
553
554
555
556
557
558
559
560
561
562
563
564
565
566
567
568
569
570
571
572
574
575
576
577
578
579
580
581
582
583
584
585
587
588
589
593
594
595
596
597
598
600
601
602
603
604
605
606
607
608
609
610
611
612
613
614
615
616
617
618
619
620
621
622
623
624
625
626
629
630
636
637
639
640
642
643
700
701
702
703
704
705
706
707
710
711
715
716
717
718
721
726
727
728
729
731
732
734
735
737
738
739
740
741
742
743
800
801
802
803
804
805
806
807
808
809
810
812
813
814
815
816
817
818
819
820
821
822
823
824
825
826
827
828
829
830
832
833
834
835
836
837
838
839
840
841
842
843
844
845
846
847
848
849
850
851
852
853
854
855
856
857
858
859
860
861
862
863
864
865
866
867
868
869
870
871
872
873
874
875
876
877
878
879
880
881
882
883
884
885
886
887
889
890
891
892
893
894
895
896
897
898
899
900
901
902
903
904
905
906
907
908
909
910
911
912
913
914
915
916
920
921
922
923
924
925
926
927
928
929
930
931
932
933
934
935
936
937
938
939
940
941
942
943
944
945
946
947
948
949
950
951
952
953
];

%%
badcalibs = {...
  '//groups/huston/hustonlab/flp-chrimson_experiments/fly_309_to_322_10_8_16/DLTs_10_8_16_fly_309_to_322_better.mat'; ...
  '//groups/huston/hustonlab/flp-chrimson_experiments/fly_323_to_332_14_8_16_norpAmales_SS02323/DLTs_14_8_16_fly_323_to_332_better.mat'; ...
  '//groups/huston/hustonlab/flp-chrimson_experiments/fly_349_to_358_SS02323_norpAmalesFlpChr/DLTs_16_8_16_fly_349_to_358_better.mat'; ...
  '/groups/huston/hustonlab/flp-chrimson_experiments/fly_453_to_457_27_9_16_norpAkirPONMNchr/DLTs_453_to_457_27_9_16.mat'; ...                                         }
  '/groups/huston/hustonlab/flp-chrimson_experiments/fly_80_to_99_24_9_14_chrimson_2202323_flipOuts/DLTs_80_to_99_notGreat.mat'; ...
  '/groups/huston/hustonlab/flp-chrimson_experiments/fly_119_to_132_7_11_14_NMNchrimsonFLIPout/DLTs_fly119_to_132_7_11_14.mat'};
%%
badcalibswithcoupleextra = {...
  '//groups/huston/hustonlab/flp-chrimson_experiments/fly_309_to_322_10_8_16/DLTs_10_8_16_fly_309_to_322_better.mat'; ...
  '//groups/huston/hustonlab/flp-chrimson_experiments/fly_323_to_332_14_8_16_norpAmales_SS02323/DLTs_14_8_16_fly_323_to_332_better.mat'; ...
  '//groups/huston/hustonlab/flp-chrimson_experiments/fly_349_to_358_SS02323_norpAmalesFlpChr/DLTs_16_8_16_fly_349_to_358_better.mat'; ...
  '/groups/huston/hustonlab/flp-chrimson_experiments/fly_453_to_457_27_9_16_norpAkirPONMNchr/DLTs_453_to_457_27_9_16.mat'; ...                                         }
  '/groups/huston/hustonlab/flp-chrimson_experiments/fly_80_to_99_24_9_14_chrimson_2202323_flipOuts/DLTs_80_to_99_notGreat.mat'; ...
  '/groups/huston/hustonlab/flp-chrimson_experiments/fly_119_to_132_7_11_14_NMNchrimsonFLIPout/DLTs_fly119_to_132_7_11_14.mat';...
  '/groups/huston/hustonlab/flp-chrimson_experiments/fly_100_to_106_22_10_14_flpoutChrimson_SS002323/DLTs_fly100_to_106_22_10_14.mat';...
  '//groups/huston/hustonlab/flp-chrimson_experiments/fly_333_to_348_15_8_16_SS00325_norpAmales/DLTs_15_8_16_fly_333_to_348_better.mat'};

